50 0.005
100 0.005
150 0.005
200 0.005
250 0.005
300 0.005
350 0.005
400 0.005
450 0.005
500 0.005
550 0.005
600 0.005
650 0.005
700 0.005
750 0.005
800 0.005
850 0.005
900 0.005
950 0.005
1000 0.005
1050 0.005
1100 0.005
1150 0.005
1200 0.005
1250 0.005
1300 0.005
1350 0.005
1400 0.005
1450 0.005
1500 0.005
1550 0.005
1600 0.005
1650 0.005
1700 0.005
1750 0.005
1800 0.005
1850 0.005
1900 0.005
1950 0.005
2000 0.005
2050 0.005
2100 0.005
2150 0.005
2200 0.005
2250 0.005
2300 0.005
2350 0.005
2400 0.005
2450 0.005
2500 0.005
2550 0.005
2600 0.005
2650 0.005
2700 0.005
2750 0.005
2800 0.005
2850 0.005
2900 0.005
2950 0.005
3000 0.005
3050 0.005
3100 0.005
3150 0.005
3200 0.005
3250 0.005
3300 0.005
3350 0.005
3400 0.005
3450 0.005
3500 0.005
3550 0.005
3600 0.005
3650 0.005
3700 0.005
3750 0.005
3800 0.005
3850 0.005
3900 0.005
3950 0.005
4000 0.005
4050 0.005
4100 0.005
4150 0.005
4200 0.005
4250 0.005
4300 0.005
4350 0.005
4400 0.005
4450 0.005
4500 0.005
4550 0.005
4600 0.005
4650 0.005
4700 0.005
4750 0.005
4800 0.005
4850 0.005
4900 0.005
4950 0.005
5000 0.005
5050 0.005
5100 0.005
5150 0.005
5200 0.005
5250 0.005
5300 0.005
5350 0.005
5400 0.005
5450 0.005
5500 0.005
5550 0.005
5600 0.005
5650 0.005
5700 0.005
5750 0.005
5800 0.005
5850 0.005
5900 0.005
5950 0.005
6000 0.005
6050 0.005
6100 0.005
6150 0.005
6200 0.005
6250 0.005
6300 0.005
6350 0.005
6400 0.005
6450 0.005
6500 0.005
6550 0.005
6600 0.005
6650 0.005
6700 0.005
6750 0.005
6800 0.005
6850 0.005
6900 0.005
6950 0.005
7000 0.005
7050 0.005
7100 0.005
7150 0.005
7200 0.005
7250 0.005
7300 0.005
7350 0.005
7400 0.005
7450 0.005
7500 0.005
7550 0.005
7600 0.005
7650 0.005
7700 0.005
7750 0.005
7800 0.005
7850 0.005
7900 0.005
7950 0.005
8000 0.005
8050 0.005
8100 0.005
8150 0.005
8200 0.005
8250 0.005
8300 0.005
8350 0.005